218558
1682201
4885958
5106247
22426693
23208902
24331589
25085557
26676815
27961622
28733696
29529595
31260429
33162022
35308435
39692414
41500158
43827029
46277094
51867321
54322573
56850652
59405126
61558097
64057497
66597868
73579426
75767044
77790533
79435048
85416107
87063733
90620028
92718768
96952481
100001869
103407032
107768558
118673054
121724535
162077102
179245392
259121221
271466671
274624927
305396630
307215004
307216101
307217173
307218271
307219362
307220452
307221542
307222624
307223734
307224811
307225918
307227008
307228120
307229213
307230303
307231391
307232486
307233584
307234688
307235791
307236888
307237982
307239056
307240138
307241244
307242319
307243397
307244487
307245564
307246645
307247722
307248812
307249880
307250946
307252019
307253105
307254190
307255268
307256353
307257427
307258534
307259642
307260693
307261790
307262866
307263964
307265067
307266146
307267218
307268309
307269395
307270489
307271584
307272688
307273782
307274906
307275973
307277051
307278132
307279214
307280285
307281347
307282420
307283498
307284596
307285693
307286774
308178034
314855720
315094710
315543704
315544758
315545820
315546871
315547939
315548986
315550043
315551110
315552166
315553209
315554270
315555331
315556383
315952422
316761314
317051266
1148389154210710968
2145375895683680979
7147118235426341694
10146634433641932284
11150170406900011565
13145601878401320397
15150030472110960121
17148120437294790005
19150030618610962272
20145243765774440369
30145243763774440702
142145911097227060156
373149196629774792701
818145857020122921118
6907149662192707020002
